(Symbol 01_sffg_Ic80uA_01);
($Id:$);
(PHYSICAL);
(RESOLUTION 1000);
9 01_sffg_Ic80uA_01;
DS 0 1 1;
DF;
E
(ELECTRICAL);
(RESOLUTION 1000);
5 7102 (||1:-48000 1981||) (||2:-29000 11000||) (||1:0 10000||) (||2:11000 9000||) (||2:14000 9000||) (||1:25000 10000||);
5 7101 tran 1p 200n;
5 14 1 L 9 L 10 0.5;
5 11 X 0 subckt;
9 01_sffg_Ic80uA_01;
DS 0 1 1;
(SymbolCall gnd);
5 10 0 0 -34000 29000;
1 Bound -36600 28000 -34000 30000;
( Rotate 90 );
9 gnd;
C 0 MY R 0 1 T -35000 28000;
(SymbolCall gnd);
5 10 0 0 -11000 29000;
1 Bound -11000 28000 -8400 30000;
( Rotate 270 );
9 gnd;
C 0 MY R 0 -1 T -10000 30000;
(SymbolCall gnd);
5 10 0 0 -40000 20000;
1 Bound -41000 20000 -39000 22600;
( Rotate 180 );
9 gnd;
C 0 R -1 0 T -39000 21000;
(SymbolCall gnd);
5 10 0 0 -20000 20000;
1 Bound -21000 20000 -19000 22600;
( Rotate 180 );
9 gnd;
C 0 R -1 0 T -19000 21000;
(SymbolCall gnd);
5 10 0 0 -10000 20000;
1 Bound -11000 20000 -9000 22600;
( Rotate 180 );
9 gnd;
C 0 R -1 0 T -9000 21000;
(SymbolCall gnd);
5 10 0 0 0 20000;
1 Bound -1000 20000 1000 22600;
( Rotate 180 );
9 gnd;
C 0 R -1 0 T 1000 21000;
(SymbolCall gnd);
5 10 0 0 -48000 13000;
1 Bound -49000 13000 -47000 15600;
( Rotate 180 );
9 gnd;
C 0 R -1 0 T -47000 14000;
(SymbolCall gnd);
5 10 0 0 25000 0;
1 Bound 24000 -2600 26000 0;
( Rotate 180 );
9 gnd;
C 0 MY R -1 0 T 26000 -1000;
(SymbolCall gnd);
5 10 0 0 -48000 -10000;
1 Bound -49000 -12600 -47000 -10000;
9 gnd;
C 0 T -49000 -11000;
(SymbolCall gnd);
5 10 0 0 -40000 -10000;
1 Bound -41000 -12600 -39000 -10000;
9 gnd;
C 0 T -41000 -11000;
(SymbolCall gnd);
5 10 0 0 -20000 -10000;
1 Bound -21000 -12600 -19000 -10000;
9 gnd;
C 0 T -21000 -11000;
(SymbolCall gnd);
5 10 0 0 -10000 -10000;
1 Bound -11000 -12600 -9000 -10000;
9 gnd;
C 0 T -11000 -11000;
(SymbolCall gnd);
5 10 0 0 0 -10000;
1 Bound -1000 -12600 1000 -10000;
9 gnd;
C 0 T -1000 -11000;
(SymbolCall ind);
5 10 5 1 -20000 10000 L0-;
5 10 8 0 -30000 10000 L0+;
5 15 -29000 11000 1 0;
5 11 L 0;
5 2 1f;
1 Bound -30000 10000 -20000 11500;
( Rotate 90 );
9 ind;
C 0 R 0 1 T -20000 9000;
(SymbolCall ind);
5 10 6 1 -10000 10000 L1-;
5 10 5 0 -20000 10000 L1+;
5 15 -19000 11000 1 0;
5 2 38.75p;
5 11 L 1;
1 Bound -20000 10000 -10000 11500;
( Rotate 90 );
9 ind;
C 0 R 0 1 T -10000 9000;
(SymbolCall ind);
5 10 7 1 0 10000 L2-;
5 10 6 0 -10000 10000 L2+;
5 15 -9000 11000 1 0;
5 2 38.75p;
5 11 L 2;
1 Bound -10000 10000 0 11500;
( Rotate 90 );
9 ind;
C 0 R 0 1 T 0 9000;
(SymbolCall ind);
5 2 77.5n;
5 10 9 1 10000 10000 L3-;
5 10 7 0 0 10000 L3+;
5 15 1000 11000 1 0;
5 11 L 3;
1 Bound 0 10000 10000 11500;
( Rotate 90 );
9 ind;
C 0 R 0 1 T 10000 9000;
(SymbolCall ind);
5 11 L 4;
5 2 1p;
5 15 24000 11000 -1 0;
5 10 10 1 15000 10000 L4-;
5 10 11 0 25000 10000 L4+;
1 Bound 15000 10000 25000 11500;
( Rotate 90 );
9 ind;
C 0 MY R 0 1 T 15000 9000;
(SymbolCall ind);
5 10 12 1 -40000 0 L5-;
5 10 4 0 -40000 10000 L5+;
5 15 -41000 9000 0 -1;
5 2 546.875n;
5 11 L 5;
1 Bound -41500 0 -40000 10000;
( Rotate 180 );
9 ind;
C 0 MY R -1 0 T -39000 0;
(SymbolCall ind);
5 10 13 1 -20000 0 L6-;
5 10 5 0 -20000 10000 L6+;
5 15 -19000 9000 0 -1;
5 2 1f;
5 11 L 6;
1 Bound -20000 0 -18500 10000;
9 ind;
C 0 T -21000 0;
(SymbolCall ind);
5 10 14 1 -10000 0 L7-;
5 10 6 0 -10000 10000 L7+;
5 15 -9000 9000 0 -1;
5 2 1f;
5 11 L 7;
1 Bound -10000 0 -8500 10000;
9 ind;
C 0 T -11000 0;
(SymbolCall ind);
5 10 15 1 0 0 L8-;
5 10 7 0 0 10000 L8+;
5 15 1000 9000 0 -1;
5 2 1f;
5 11 L 8;
1 Bound 0 0 1500 10000;
9 ind;
C 0 T -1000 0;
(SymbolCall ind);
5 17 mutual;
5 11 L 9;
5 2 200p;
5 10 3 1 10000 0 L9-;
5 10 9 0 10000 10000 L9+;
5 15 11000 9000 0 -1;
1 Bound 10000 0 11500 10000;
9 ind;
C 0 T 9000 0;
(SymbolCall ind);
5 17 mutual;
5 11 L 10;
5 2 10p;
5 15 14000 9000 0 -1;
5 10 0 1 15000 0 L10-;
5 10 10 0 15000 10000 L10+;
1 Bound 13500 0 15000 10000;
( Rotate 180 );
9 ind;
C 0 MY R -1 0 T 16000 0;
(SymbolCall isrc);
5 10 4 1 -40000 10000 I0_1;
5 10 0 0 -40000 20000 I0_0;
5 15 -40000 14000 0 -1 @<name>[c];
5 2 20u;
5 11 I 0;
5 5 nophys;
1 Bound -42000 10000 -38000 20000;
9 isrc;
C 0 T -42000 10000;
(SymbolCall isrc);
5 10 5 1 -20000 10000 I1_1;
5 10 0 0 -20000 20000 I1_0;
5 15 -20000 14000 0 -1 @<name>[c];
5 2 pwl(0 0 1.9ns 0 2ns 76u);
5 11 I 1;
5 5 nophys;
1 Bound -22000 10000 -18000 20000;
9 isrc;
C 0 T -22000 10000;
(SymbolCall isrc);
5 10 6 1 -10000 10000 I2_1;
5 10 0 0 -10000 20000 I2_0;
5 15 -10000 14000 0 -1 @<name>[c];
5 2 pwl(0 0 1.9ns 0 2ns 50u);
5 5 nophys;
5 11 I 2;
1 Bound -12000 10000 -8000 20000;
9 isrc;
C 0 T -12000 10000;
(SymbolCall isrc);
5 10 7 1 0 10000 I3_1;
5 10 0 0 0 20000 I3_0;
5 15 0 14000 0 -1 @<name>[c];
5 2 pwl(0 0 1.9ns 0 2ns 60u);
5 5 nophys;
5 11 I 3;
1 Bound -2000 10000 2000 20000;
9 isrc;
C 0 T -2000 10000;
(SymbolCall jj);
5 10 16 2 -21000 -2000 B0_2;
5 10 0 1 -20000 -10000 B0-;
5 10 13 0 -20000 0 B0+;
5 3 area=80;
5 11 B 0;
5 1 jjSFQ1;
1 Bound -21500 -10000 -18500 0;
9 jj;
C 0 T -21000 -10000;
(SymbolCall jj);
5 10 17 2 -11000 -2000 B1_2;
5 10 0 1 -10000 -10000 B1-;
5 10 14 0 -10000 0 B1+;
5 3 area=80;
5 1 jjSFQ1;
5 11 B 1;
1 Bound -11500 -10000 -8500 0;
9 jj;
C 0 T -11000 -10000;
(SymbolCall jj);
5 10 18 2 -1000 -2000 B2_2;
5 10 0 1 0 -10000 B2-;
5 10 15 0 0 0 B2+;
5 3 area=80;
5 1 jjSFQ1;
5 11 B 2;
1 Bound -1500 -10000 1500 0;
9 jj;
C 0 T -1000 -10000;
(SymbolCall res);
5 10 0 1 -34000 29000 R0-;
5 10 1 0 -24000 29000 R0+;
5 15 -25000 28000 -1 0 "<v>/<value>O";
5 11 R 0;
5 2 1;
1 Bound -34000 27750 -24000 30000;
( Rotate 90 );
9 res;
C 0 MY R 0 1 T -24000 29000;
(SymbolCall res);
5 10 8 1 -30000 10000 R1-;
5 10 4 0 -40000 10000 R1+;
5 15 -39000 9000 1 0 "<v>/<value>O";
5 2 R=v(1)+7.8125;
5 11 R 1;
1 Bound -40000 8750 -30000 11000;
( Rotate 90 );
9 res;
C 0 R 0 1 T -40000 10000;
(SymbolCall res);
5 2 1e6;
5 11 R 2;
5 15 26000 9000 0 -1 "<v>/<value>O";
5 10 0 1 25000 0 R2-;
5 10 11 0 25000 10000 R2+;
1 Bound 24000 0 26250 10000;
( Rotate 180 );
9 res;
C 0 MY R -1 0 T 25000 10000;
(SymbolCall res);
5 10 0 1 -48000 -10000 R3-;
5 10 2 0 -48000 0 R3+;
5 15 -49000 -1000 0 -1 "<v>/<value>O";
5 11 R 3;
5 2 1;
1 Bound -49250 -10000 -47000 0;
9 res;
C 0 T -48000 0;
(SymbolCall res);
5 10 0 1 -40000 -10000 R4-;
5 10 12 0 -40000 0 R4+;
5 15 -41000 -1000 0 -1 "<v>/<value>O";
5 2 R=v(2)+1e-6;
5 11 R 4;
1 Bound -41250 -10000 -39000 0;
9 res;
C 0 T -40000 0;
(SymbolCall res);
5 10 0 1 0 -10000 R5-;
5 10 3 0 10000 -10000 R5+;
5 15 9000 -9000 -1 0 "<v>/<value>O";
5 2 R=v(1)+7.75e-1;
5 11 R 5;
1 Bound 0 -11000 10000 -8750;
( Rotate 270 );
9 res;
C 0 R 0 -1 T 10000 -10000;
(SymbolCall vsrc);
5 10 0 1 -11000 29000 V0_1;
5 10 1 0 -21000 29000 V0_0;
5 15 -17000 29000 1 0;
5 2 pwl(0 1e5 3ns 1e5 3.1ns 0);
5 5 nophys;
5 11 V 0;
1 Bound -21000 27000 -11000 31000;
( Rotate 270 );
9 vsrc;
C 0 MY R 0 -1 T -11000 31000;
(SymbolCall vsrc);
5 10 0 1 -48000 13000 V1_1;
5 10 2 0 -48000 3000 V1_0;
5 15 -48000 7000 0 1;
5 2 pulse(0 5e3 5ns 100ps 100ps 200ps 500ns)*pulse(0 1 4ns 100ps 100ps 1002ns 2000ns);
5 5 nophys;
5 11 V 1;
1 Bound -50000 3000 -46000 13000;
( Rotate 180 );
9 vsrc;
C 0 R -1 0 T -46000 13000;
L SCED;
5 10 1;
W2 0 -21000 29000 -24000 29000;
5 10 2;
W2 0 -48000 3000 -48000 0;
5 10 3;
W2 0 10000 0 10000 -10000;
5 10 0;
W2 0 15000 0 25000 0;
L NAME;
5 16 V 0 11;
94 <<V0>> -20750 31250 0 1275 1000;
5 16 R 0 11;
94 <<R0>> -33750 30250 0 1275 1000;
5 16 I 0 11;
94 <<I0>> -42250 18750 320 975 1000;
5 16 I 1 11;
94 <<I1>> -22250 18750 320 750 1000;
5 16 I 2 11;
94 <<I2>> -12250 18750 320 975 1000;
5 16 I 3 11;
94 <<I3>> -2250 18750 320 975 1000;
5 16 L 1 11;
94 <<L1>> -19750 11750 0 1050 1000;
5 16 L 2 11;
94 <<L2>> -9750 11750 0 1275 1000;
5 16 L 3 11;
94 <<L3>> 250 11750 0 1275 1000;
5 16 L 4 11;
94 <<L4>> 18250 11750 0 1275 1000;
5 16 R 1 11;
94 <<R1>> -39750 11250 0 1050 1000;
5 16 V 1 11;
94 <<V1>> -50250 11750 320 1050 1000;
5 16 L 0 11;
94 <<L0>> -27750 8750 0 1275 1000;
5 16 L 5 11;
94 <<L5>> -41750 8750 320 1275 1000;
5 16 L 6 11;
94 <<L6>> -20250 8750 320 1275 1000;
5 16 L 7 11;
94 <<L7>> -10250 8750 320 1275 1000;
5 16 L 8 11;
94 <<L8>> -250 8750 320 1275 1000;
5 16 L 9 11;
94 <<L9>> 9750 7750 320 1275 1000;
5 16 L 10 11;
94 <<L10>> 14750 7750 326 1650 1000;
5 16 R 2 11;
94 <<R2>> 23750 5750 320 1275 1000;
5 16 R 3 11;
94 <<R3>> -49500 -1250 320 1275 1000;
5 16 R 4 11;
94 <<R4>> -41500 -1250 320 1275 1000;
5 16 B 0 11;
94 <<B0>> -21750 -1250 320 1275 1000;
5 16 B 1 11;
94 <<B1>> -11750 -1250 320 1050 1000;
5 16 B 2 11;
94 <<B2>> -1750 -1250 320 1275 1000;
5 16 R 5 11;
94 <<R5>> 250 -8500 0 1275 1000;
L MODL;
5 16 B 0 1;
94 <<jjSFQ1>> -18250 -3250 256 3300 1000;
5 16 B 1 1;
94 <<jjSFQ1>> -8250 -3250 256 3300 1000;
5 16 B 2 1;
94 <<jjSFQ1>> 1750 -3250 256 3300 1000;
L VALU;
5 16 V 1 2;
94 <<pulse(0 5e3 5ns 100ps 100ps 200ps 500ns)*pulse(0 1 4ns 100ps 100ps 1002ns 2000ns)>> -53750 -9250 33025 45525 1000;
5 16 V 0 2;
94 <<pwl(0 1e5 3ns 1e5 3.1ns 0)>> -11250 33750 33088 13725 1000;
5 16 R 0 2;
94 <<1>> -24250 27500 33088 450 1000;
5 16 I 1 2;
94 <<pwl(0 0 1.9ns 0 2ns 76u)>> -17750 12250 33025 12975 1000;
5 16 I 2 2;
94 <<pwl(0 0 1.9ns 0 2ns 50u)>> -7750 12250 33025 12975 1000;
5 16 I 3 2;
94 <<pwl(0 0 1.9ns 0 2ns 60u)>> 2250 12250 33025 12975 1000;
5 16 I 0 2;
94 <<20u>> -37750 19750 33024 1875 1000;
5 16 L 1 2;
94 <<38.75p>> -11250 12750 33088 3300 1000;
5 16 L 2 2;
94 <<38.75p>> -1250 12750 33088 3300 1000;
5 16 L 3 2;
94 <<77.5n>> 8750 12750 33088 2700 1000;
5 16 R 1 2;
94 <<R=v(1)+7.8125>> -32250 12500 33088 6375 1000;
5 16 L 0 2;
94 <<1f>> -24250 9750 33088 975 1000;
5 16 L 4 2;
94 <<1p>> 19750 9750 33088 1050 1000;
5 16 R 2 2;
94 <<1e6>> 26500 6750 33024 1650 1000;
5 16 L 9 2;
94 <<200p>> 7750 5750 33024 2475 1000;
5 16 L 10 2;
94 <<10p>> 15250 5750 33024 1650 1000;
5 16 K 1 14;
94 <<K1=0.5>> 10888 4500 0 3000 1000;
5 16 L 5 2;
94 <<546.875n>> -39250 3750 33030 4500 1000;
5 16 L 6 2;
94 <<1f>> -22250 3750 33024 975 1000;
5 16 L 7 2;
94 <<1f>> -12250 3750 33024 975 1000;
5 16 L 8 2;
94 <<1f>> -2250 3750 33024 975 1000;
5 16 R 3 2;
94 <<1>> -46750 -250 33024 450 1000;
5 16 R 4 2;
94 <<R=v(2)+1e-6>> -38750 -7750 33025 5775 1000;
5 16 R 5 2;
94 <<R=v(1)+7.75e-1>> 9750 -11250 33088 6975 1000;
L PARM;
5 16 B 0 3;
94 <<area=80>> -18250 -5750 32768 4200 1000;
5 16 B 1 3;
94 <<area=80>> -8250 -5750 32768 4200 1000;
5 16 B 2 3;
94 <<area=80>> 1750 -5750 32768 4200 1000;
DF;
E
* Generated by Xic from cell 01_sffg_Ic80uA_01
.tran 1p 200n
.plot tran v(2) L0#branch v(7) L9#branch L10#branch v(11)
B0 13 0 16 jjSFQ1 area=80
B1 14 0 17 jjSFQ1 area=80
B2 15 0 18 jjSFQ1 area=80
I0 0 4 20u
I1 0 5 pwl(0 0 1.9ns 0 2ns 76u)
I2 0 6 pwl(0 0 1.9ns 0 2ns 50u)
I3 0 7 pwl(0 0 1.9ns 0 2ns 60u)
K1 L9 L10 0.5
L0 8 5 1f
L1 5 6 38.75p
L2 6 7 38.75p
L3 7 9 77.5n
L4 11 10 1p
L5 4 12 546.875n
L6 5 13 1f
L7 6 14 1f
L8 7 15 1f
L9 9 3 200p
L10 10 0 10p
R0 1 0 1
R1 4 8 R=v(1)+7.8125
R2 11 0 1e6
R3 2 0 1
R4 12 0 R=v(2)+1e-6
R5 3 0 R=v(1)+7.75e-1
V0 1 0 pwl(0 1e5 3ns 1e5 3.1ns 0)
V1 2 0 pulse(0 5e3 5ns 100ps 100ps 200ps 500ns)*pulse(0 1 4ns 100ps 100ps
+ 1002ns 2000ns)
.model jjSFQ1 jj(rtype=0, cct=1, vg=2.8m, icrit=1u, cap= 5f, vshunt=0.25mV)
.save @I0[c]
.save @I1[c]
.save @I2[c]
.save @I3[c]
