(Symbol 19_spd_to_dcsfq);
($Id:$);
(PHYSICAL);
(RESOLUTION 1000);
9 19_spd_to_dcsfq;
DS 0 1 1;
DF;
E
(ELECTRICAL);
(RESOLUTION 1000);
5 7102 (||1:-13000 1981||) (||2:6000 11000||) (||2:36000 -1000||) (||2:34000 11000||) (||2:46000 9000||) (||2:56000 9000||) (||2:66000 9000||) (||1:36000 8000||) (||1:23000 9000||) (||1:46000 -2000||) (||1:56000 -2000||);
5 7101 tran 1p 200n;
5 11 X 0 subckt;
9 19_spd_to_dcsfq;
DS 0 1 1;
(SymbolCall gnd);
5 10 0 0 1000 29000;
1 Bound -1600 28000 1000 30000;
( Rotate 90 );
9 gnd;
C 0 MY R 0 1 T 0 28000;
(SymbolCall gnd);
5 10 0 0 24000 29000;
1 Bound 24000 28000 26600 30000;
( Rotate 270 );
9 gnd;
C 0 MY R 0 -1 T 25000 30000;
(SymbolCall gnd);
5 10 0 0 -5000 20000;
1 Bound -6000 20000 -4000 22600;
( Rotate 180 );
9 gnd;
C 0 R -1 0 T -4000 21000;
(SymbolCall gnd);
5 10 0 0 35000 20000;
1 Bound 34000 20000 36000 22600;
( Rotate 180 );
9 gnd;
C 0 R -1 0 T 36000 21000;
(SymbolCall gnd);
5 10 0 0 45000 20000;
1 Bound 44000 20000 46000 22600;
( Rotate 180 );
9 gnd;
C 0 R -1 0 T 46000 21000;
(SymbolCall gnd);
5 10 0 0 55000 20000;
1 Bound 54000 20000 56000 22600;
( Rotate 180 );
9 gnd;
C 0 R -1 0 T 56000 21000;
(SymbolCall gnd);
5 10 0 0 -13000 13000;
1 Bound -14000 13000 -12000 15600;
( Rotate 180 );
9 gnd;
C 0 R -1 0 T -12000 14000;
(SymbolCall gnd);
5 10 0 0 -13000 -10000;
1 Bound -14000 -12600 -12000 -10000;
9 gnd;
C 0 T -14000 -11000;
(SymbolCall gnd);
5 10 0 0 -5000 -10000;
1 Bound -6000 -12600 -4000 -10000;
9 gnd;
C 0 T -6000 -11000;
(SymbolCall gnd);
5 10 0 0 15000 -10000;
1 Bound 14000 -12600 16000 -10000;
9 gnd;
C 0 T 14000 -11000;
(SymbolCall gnd);
5 10 0 0 45000 -10000;
1 Bound 44000 -12600 46000 -10000;
9 gnd;
C 0 T 44000 -11000;
(SymbolCall gnd);
5 10 0 0 55000 -10000;
1 Bound 54000 -12600 56000 -10000;
9 gnd;
C 0 T 54000 -11000;
(SymbolCall ind);
5 2 1f;
5 11 L 0;
5 10 8 0 5000 10000 L0+;
5 10 9 1 15000 10000 L0-;
5 15 6000 11000 1 0;
1 Bound 5000 10000 15000 11500;
( Rotate 90 );
9 ind;
C 0 R 0 1 T 15000 9000;
(SymbolCall ind);
5 10 10 1 25000 10000 L1-;
5 10 5 0 35000 10000 L1+;
5 15 34000 11000 -1 0;
5 2 1f;
5 11 L 1;
1 Bound 25000 10000 35000 11500;
( Rotate 90 );
9 ind;
C 0 MY R 0 1 T 25000 9000;
(SymbolCall ind);
5 10 6 1 45000 10000 L2-;
5 10 5 0 35000 10000 L2+;
5 15 36000 11000 1 0;
5 2 200p;
5 11 L 2;
1 Bound 35000 10000 45000 11500;
( Rotate 90 );
9 ind;
C 0 R 0 1 T 45000 9000;
(SymbolCall ind);
5 10 7 1 55000 10000 L3-;
5 10 6 0 45000 10000 L3+;
5 15 46000 11000 1 0;
5 2 77.5p;
5 11 L 3;
1 Bound 45000 10000 55000 11500;
( Rotate 90 );
9 ind;
C 0 R 0 1 T 55000 9000;
(SymbolCall ind);
5 10 11 1 65000 10000 L4-;
5 10 7 0 55000 10000 L4+;
5 15 56000 11000 1 0;
5 2 1f;
5 11 L 4;
1 Bound 55000 10000 65000 11500;
( Rotate 90 );
9 ind;
C 0 R 0 1 T 65000 9000;
(SymbolCall ind);
5 11 L 5;
5 2 250n;
5 10 4 0 -5000 10000 L5+;
5 10 12 1 -5000 0 L5-;
5 15 -6000 9000 0 -1;
1 Bound -6500 0 -5000 10000;
( Rotate 180 );
9 ind;
C 0 MY R -1 0 T -4000 0;
(SymbolCall ind);
5 2 50p;
5 10 0 1 15000 0 L6-;
5 10 9 0 15000 10000 L6+;
5 15 14000 9000 0 -1;
5 11 L 6;
1 Bound 13500 0 15000 10000;
( Rotate 180 );
9 ind;
C 0 MY R -1 0 T 16000 0;
(SymbolCall ind);
5 10 14 1 45000 0 L7-;
5 10 6 0 45000 10000 L7+;
5 15 46000 9000 0 -1;
5 2 1f;
5 11 L 7;
1 Bound 45000 0 46500 10000;
9 ind;
C 0 T 44000 0;
(SymbolCall ind);
5 10 15 1 55000 0 L8-;
5 10 7 0 55000 10000 L8+;
5 15 56000 9000 0 -1;
5 2 1f;
5 11 L 8;
1 Bound 55000 0 56500 10000;
9 ind;
C 0 T 54000 0;
(SymbolCall ind);
5 2 77.5n;
5 10 3 1 65000 0 L9-;
5 10 11 0 65000 10000 L9+;
5 15 66000 9000 0 -1;
5 11 L 9;
1 Bound 65000 0 66500 10000;
9 ind;
C 0 T 64000 0;
(SymbolCall ind);
5 10 0 1 35000 -10000 L10-;
5 10 13 0 35000 0 L10+;
5 15 36000 -1000 0 -1;
5 11 L 10;
5 2 27p;
1 Bound 35000 -10000 36500 0;
9 ind;
C 0 T 34000 -10000;
(SymbolCall isrc);
5 2 15u;
5 5 nophys;
5 11 I 0;
5 10 0 0 -5000 20000 I0_0;
5 10 4 1 -5000 10000 I0_1;
5 15 -5000 14000 0 -1 @<name>[c];
1 Bound -7000 10000 -3000 20000;
9 isrc;
C 0 T -7000 10000;
(SymbolCall isrc);
5 10 5 1 35000 10000 I1_1;
5 10 0 0 35000 20000 I1_0;
5 15 35000 14000 0 -1 @<name>[c];
5 5 nophys;
5 11 I 1;
5 2 pwl(0 0 0.9ns 0 1ns 62u);
1 Bound 33000 10000 37000 20000;
9 isrc;
C 0 T 33000 10000;
(SymbolCall isrc);
5 2 pwl(0 0 0.9ns 0 1ns 34u);
5 10 6 1 45000 10000 I2_1;
5 10 0 0 45000 20000 I2_0;
5 15 45000 14000 0 -1 @<name>[c];
5 11 I 2;
5 5 nophys;
1 Bound 43000 10000 47000 20000;
9 isrc;
C 0 T 43000 10000;
(SymbolCall isrc);
5 2 pwl(0 0 0.9ns 0 1ns 36u);
5 10 7 1 55000 10000 I3_1;
5 10 0 0 55000 20000 I3_0;
5 15 55000 14000 0 -1 @<name>[c];
5 11 I 3;
5 5 nophys;
1 Bound 53000 10000 57000 20000;
9 isrc;
C 0 T 53000 10000;
(SymbolCall jj);
5 10 16 2 23000 9000 B0_2;
5 10 9 1 15000 10000 B0-;
5 10 10 0 25000 10000 B0+;
5 3 area=40;
5 1 jjSFQ1;
5 11 B 0;
1 Bound 15000 8500 25000 11500;
( Rotate 90 );
9 jj;
C 0 MY R 0 1 T 15000 9000;
(SymbolCall jj);
5 10 17 2 36000 8000 B1_2;
5 10 13 1 35000 0 B1-;
5 10 5 0 35000 10000 B1+;
5 3 area=40;
5 1 jjSFQ1;
5 11 B 1;
1 Bound 33500 0 36500 10000;
( Rotate 180 );
9 jj;
C 0 MY R -1 0 T 36000 0;
(SymbolCall jj);
5 10 18 2 46000 -2000 B2_2;
5 10 0 1 45000 -10000 B2-;
5 10 14 0 45000 0 B2+;
5 3 area=40;
5 1 jjSFQ1;
5 11 B 2;
1 Bound 43500 -10000 46500 0;
( Rotate 180 );
9 jj;
C 0 MY R -1 0 T 46000 -10000;
(SymbolCall jj);
5 10 19 2 56000 -2000 B3_2;
5 10 0 1 55000 -10000 B3-;
5 10 15 0 55000 0 B3+;
5 3 area=40;
5 1 jjSFQ1;
5 11 B 3;
1 Bound 53500 -10000 56500 0;
( Rotate 180 );
9 jj;
C 0 MY R -1 0 T 56000 -10000;
(SymbolCall res);
5 2 1;
5 11 R 0;
5 10 1 0 11000 29000 R0+;
5 10 0 1 1000 29000 R0-;
5 15 10000 28000 -1 0 "<v>/<value>O";
1 Bound 1000 27750 11000 30000;
( Rotate 90 );
9 res;
C 0 MY R 0 1 T 11000 29000;
(SymbolCall res);
5 11 R 1;
5 2 R=v(1)+18.75;
5 10 4 0 -5000 10000 R1+;
5 10 8 1 5000 10000 R1-;
5 15 -4000 9000 1 0 "<v>/<value>O";
1 Bound -5000 8750 5000 11000;
( Rotate 90 );
9 res;
C 0 R 0 1 T -5000 10000;
(SymbolCall res);
5 2 1;
5 11 R 2;
5 10 2 0 -13000 0 R2+;
5 10 0 1 -13000 -10000 R2-;
5 15 -14000 -1000 0 -1 "<v>/<value>O";
1 Bound -14250 -10000 -12000 0;
9 res;
C 0 T -13000 0;
(SymbolCall res);
5 11 R 3;
5 2 R=v(2)+1e-6;
5 10 12 0 -5000 0 R3+;
5 10 0 1 -5000 -10000 R3-;
5 15 -6000 -1000 0 -1 "<v>/<value>O";
1 Bound -6250 -10000 -4000 0;
9 res;
C 0 T -5000 0;
(SymbolCall res);
5 10 0 1 55000 -10000 R4-;
5 10 3 0 65000 -10000 R4+;
5 15 64000 -9000 -1 0 "<v>/<value>O";
5 2 R=v(1)+1e-6;
5 11 R 4;
1 Bound 55000 -11000 65000 -8750;
( Rotate 270 );
9 res;
C 0 R 0 -1 T 65000 -10000;
(SymbolCall vsrc);
5 11 V 0;
5 5 nophys;
5 2 pwl(0 1e5 3ns 1e5 3.1ns 0);
5 10 1 0 14000 29000 V0_0;
5 10 0 1 24000 29000 V0_1;
5 15 18000 29000 1 0;
1 Bound 14000 27000 24000 31000;
( Rotate 270 );
9 vsrc;
C 0 MY R 0 -1 T 24000 31000;
(SymbolCall vsrc);
5 2 pulse(0 5e3 5ns 100ps 100ps 200ps 20ns)*pulse(0 1 4ns 100ps 100ps 6000ns 12000ns);
5 11 V 1;
5 5 nophys;
5 10 2 0 -13000 3000 V1_0;
5 10 0 1 -13000 13000 V1_1;
5 15 -13000 7000 0 1;
1 Bound -15000 3000 -11000 13000;
( Rotate 180 );
9 vsrc;
C 0 R -1 0 T -11000 13000;
L SCED;
5 10 1;
W2 0 14000 29000 11000 29000;
5 10 2;
W2 0 -13000 3000 -13000 0;
5 10 0;
W2 0 15000 0 15000 -10000 35000 -10000;
5 10 3;
W2 0 65000 0 65000 -10000;
L NAME;
5 16 V 0 11;
94 <<V0>> 14250 31250 0 1275 1000;
5 16 R 0 11;
94 <<R0>> 1250 30250 0 1275 1000;
5 16 I 0 11;
94 <<I0>> -7250 18750 320 975 1000;
5 16 I 1 11;
94 <<I1>> 32750 18750 320 750 1000;
5 16 I 2 11;
94 <<I2>> 42750 18750 320 975 1000;
5 16 I 3 11;
94 <<I3>> 52750 18750 320 975 1000;
5 16 B 0 11;
94 <<B0>> 15250 11750 0 1275 1000;
5 16 L 1 11;
94 <<L1>> 25250 11750 0 1050 1000;
5 16 R 1 11;
94 <<R1>> -4750 11250 0 1050 1000;
5 16 V 1 11;
94 <<V1>> -15250 11750 320 1050 1000;
5 16 L 0 11;
94 <<L0>> 7250 8750 0 1275 1000;
5 16 L 2 11;
94 <<L2>> 37250 8750 0 1275 1000;
5 16 L 3 11;
94 <<L3>> 48250 8750 0 1275 1000;
5 16 L 4 11;
94 <<L4>> 58250 8750 0 1275 1000;
5 16 L 5 11;
94 <<L5>> -6750 8750 320 1275 1000;
5 16 B 1 11;
94 <<B1>> 33250 8750 320 1050 1000;
5 16 L 7 11;
94 <<L7>> 44750 8750 320 1275 1000;
5 16 L 8 11;
94 <<L8>> 54750 8750 320 1275 1000;
5 16 L 9 11;
94 <<L9>> 64750 6750 320 1275 1000;
5 16 L 6 11;
94 <<L6>> 17250 5750 320 1275 1000;
5 16 R 2 11;
94 <<R2>> -14500 -1250 320 1275 1000;
5 16 R 3 11;
94 <<R3>> -6500 -1250 320 1275 1000;
5 16 B 2 11;
94 <<B2>> 43250 -1250 320 1275 1000;
5 16 B 3 11;
94 <<B3>> 53250 -1250 320 1275 1000;
5 16 L 10 11;
94 <<L10>> 34750 -4250 320 1650 1000;
5 16 R 4 11;
94 <<R4>> 55250 -8500 0 1275 1000;
L MODL;
5 16 B 0 1;
94 <<jjSFQ1>> 21750 14250 320 3300 1000;
5 16 B 1 1;
94 <<jjSFQ1>> 36750 6750 256 3300 1000;
5 16 B 2 1;
94 <<jjSFQ1>> 46750 -3250 256 3300 1000;
5 16 B 3 1;
94 <<jjSFQ1>> 56750 -3250 256 3300 1000;
L VALU;
5 16 V 1 2;
94 <<pulse(0 5e3 5ns 100ps 100ps 200ps 20ns)*pulse(0 1 4ns 100ps 100ps 6000ns 12000ns)>> -18750 -9250 33025 45525 1000;
5 16 V 0 2;
94 <<pwl(0 1e5 3ns 1e5 3.1ns 0)>> 23750 33750 33088 13725 1000;
5 16 R 0 2;
94 <<1>> 10750 27500 33088 450 1000;
5 16 I 1 2;
94 <<pwl(0 0 0.9ns 0 1ns 62u)>> 37250 12250 33025 12975 1000;
5 16 I 2 2;
94 <<pwl(0 0 0.9ns 0 1ns 34u)>> 47250 12250 33025 12975 1000;
5 16 I 3 2;
94 <<pwl(0 0 0.9ns 0 1ns 36u)>> 58250 12250 33025 12975 1000;
5 16 I 0 2;
94 <<15u>> -2750 19750 33024 1650 1000;
5 16 R 1 2;
94 <<R=v(1)+18.75>> 2750 12500 33088 5775 1000;
5 16 L 0 2;
94 <<1f>> 10750 9750 33088 975 1000;
5 16 L 1 2;
94 <<1f>> 34750 9750 33088 975 1000;
5 16 L 2 2;
94 <<200p>> 41750 9750 33088 2475 1000;
5 16 L 3 2;
94 <<77.5p>> 52750 9750 33088 2700 1000;
5 16 L 4 2;
94 <<1f>> 61750 9750 33088 975 1000;
5 16 L 6 2;
94 <<50p>> 15250 7750 33024 1875 1000;
5 16 L 8 2;
94 <<1f>> 56750 6750 33024 975 1000;
5 16 L 9 2;
94 <<77.5n>> 66750 6750 33024 2700 1000;
5 16 L 7 2;
94 <<1f>> 46750 4750 33024 975 1000;
5 16 L 5 2;
94 <<250n>> -4250 3750 33030 2475 1000;
5 16 R 2 2;
94 <<1>> -11750 -250 33024 450 1000;
5 16 R 3 2;
94 <<R=v(2)+1e-6>> -3750 -7750 33025 5775 1000;
5 16 L 10 2;
94 <<27p>> 36750 -4250 33024 1875 1000;
5 16 R 4 2;
94 <<R=v(1)+1e-6>> 64750 -11250 33088 5550 1000;
L PARM;
5 16 B 0 3;
94 <<area=40>> 18250 13250 33024 4200 1000;
5 16 B 1 3;
94 <<area=40>> 36750 4250 32768 4200 1000;
5 16 B 2 3;
94 <<area=40>> 46750 -5750 32768 4200 1000;
5 16 B 3 3;
94 <<area=40>> 56750 -5750 32768 4200 1000;
DF;
E
* Generated by Xic from cell 19_spd_to_dcsfq
.tran 1p 200n
.plot tran v(2) L0#branch L10#branch L1#branch L7#branch L8#branch L9#branch v(17) v(16) v(18) v(19)
B0 10 9 16 jjSFQ1 area=40
B1 5 13 17 jjSFQ1 area=40
B2 14 0 18 jjSFQ1 area=40
B3 15 0 19 jjSFQ1 area=40
I0 0 4 15u
I1 0 5 pwl(0 0 0.9ns 0 1ns 62u)
I2 0 6 pwl(0 0 0.9ns 0 1ns 34u)
I3 0 7 pwl(0 0 0.9ns 0 1ns 36u)
L0 8 9 1f
L1 5 10 1f
L2 5 6 200p
L3 6 7 77.5p
L4 7 11 1f
L5 4 12 250n
L6 9 0 50p
L7 6 14 1f
L8 7 15 1f
L9 11 3 77.5n
L10 13 0 27p
R0 1 0 1
R1 4 8 R=v(1)+18.75
R2 2 0 1
R3 12 0 R=v(2)+1e-6
R4 3 0 R=v(1)+1e-6
V0 1 0 pwl(0 1e5 3ns 1e5 3.1ns 0)
V1 2 0 pulse(0 5e3 5ns 100ps 100ps 200ps 20ns)*pulse(0 1 4ns 100ps 100ps
+ 6000ns 12000ns)
.model jjSFQ1 jj(rtype=0, cct=1, vg=2.8m, icrit=1u, cap= 5f, vshunt=0.25mV)
.save @I1[c]
.save @I3[c]
.save @I0[c]
.save @I2[c]
